NAME: prob.3.sop
TYPE: SOP
COMMENT: Received by N. Ascheuer / M. Juenger / G. Reinelt 
DIMENSION: 22
EDGE_WEIGHT_TYPE: EXPLICIT
EDGE_WEIGHT_FORMAT: FULL_MATRIX 
EDGE_WEIGHT_SECTION
22
  0   1   3  11  41  53  48  16  68  66  84  17  44  15  98  57  65  78  85  16  31 10000000 
 -1   0  71  53  79   2   2  98  66  19  22  65  96  92  93  35  72  21  78  78  67   1 
 -1  -1   0  40  75  89  63  78   7  41  88  59  66  63  87  57  56  29  71  63  45   3 
 -1  53  40   0  18  81  27  33  61  69  66  74  49  36  73  19  56  64  87  45  95  11 
 -1  79  75  -1   0  13  37   8  11  99  94  80  34  84 100  52  13  11  48  91  10  41 
 -1   2  89  -1  13   0   2  74  25  85  87  65   8  61  95  27   9  12  91  42  40  53 
 -1  -1  -1  27  37   2   0  10   7  53  51  36  55   6  48  34  71  25  12  47  75  48 
 -1  98  78  33   8  74  10   0  74  28   7  90  84  94  10  17   9   6  53  65  21  16 
 -1  66   7  61  11  25   7  74   0  50  50  51  54  70  34  74  37  59  17  77   9  68 
 -1  19  41  69  99  85  53  28  50   0   8  76  84  21  73  55  73  49  35  71  12  66 
 -1  22  88  66  94  87  51   7  50   8   0  24   2  99  74  61  99  43  75  61  91  84 
 -1  65  59  74  80  65  36  90  51  76  24   0  93  43  29  85  52  45   8  41  79  17 
 -1  96  66  49  34   8  55  84  54  84   2  93   0  42  78  91  47  60  39   3  65  44 
 -1  92  63  36  84  61   6  94  70  21  99  43  42   0  96  15  27  34  59  48  62  15 
 -1  93  87  73 100  95  48  10  34  73  74  29  78  96   0  93  86  79   5  21  82  98 
 -1  35  57  19  52  27  34  17  74  55  61  85  91  15  93   0  91   4   6   8  92  57 
 -1  72  56  56  13   9  71   9  37  73  99  52  47  27  86  91   0  78  11  64  89  65 
 -1  21  29  64  11  12  25   6  59  49  43  45  60  34  79   4  78   0  71  67  64  78 
 -1  78  71  87  48  91  12  53  17  35  75   8  39  59   5   6  11  71   0  23  91  85 
 -1  78  63  45  91  42  47  65  77  71  61  41   3  48  21   8  64  67  23   0  19  16 
 -1  67  45  95  10  40  75  21   9  12  91  79  65  62  82  92  89  64  91  19   0  31 
 -1  -1  -1  -1  -1  -1  -1  -1  -1  -1  -1  -1  -1  -1  -1  -1  -1  -1  -1  -1  -1   0 